100 1 50
100 2 46
100 3 44
100 4 46
100 5 51
100 6 40
100 7 39
100 8 42
100 9 40
100 10 41
200 1 63
200 2 67
200 3 73
200 4 77
200 5 83
200 6 72
200 7 71
200 8 87
200 9 76
200 10 80
300 1 106
300 2 116
300 3 105
300 4 110
300 5 144
300 6 110
300 7 110
300 8 105
300 9 104
300 10 116
400 1 117
400 2 166
400 3 139
400 4 139
400 5 141
400 6 158
400 7 149
400 8 179
400 9 151
400 10 145
500 1 152
500 2 177
500 3 202
500 4 218
500 5 169
500 6 169
500 7 208
500 8 192
500 9 219
500 10 199
600 1 197
600 2 197
600 3 209
600 4 241
600 5 212
600 6 212
600 7 229
600 8 287
600 9 223
600 10 227
700 1 219
700 2 275
700 3 240
700 4 273
700 5 260
700 6 268
700 7 245
700 8 316
700 9 296
700 10 271
800 1 259
800 2 253
800 3 312
800 4 260
800 5 287
800 6 342
800 7 277
800 8 288
800 9 337
800 10 291
900 1 300
900 2 309
900 3 350
900 4 318
900 5 340
900 6 317
900 7 313
900 8 369
900 9 317
900 10 345
1000 1 332
1000 2 393
1000 3 468
1000 4 387
1000 5 405
1000 6 394
1000 7 374
1000 8 535
1000 9 395
1000 10 425