100 1 57
100 2 65
100 3 63
100 4 58
100 5 56
100 6 55
100 7 57
100 8 54
100 9 64
100 10 75
200 1 106
200 2 100
200 3 111
200 4 120
200 5 107
200 6 113
200 7 119
200 8 106
200 9 100
200 10 107
300 1 151
300 2 161
300 3 161
300 4 155
300 5 158
300 6 168
300 7 169
300 8 165
300 9 172
300 10 156
400 1 228
400 2 226
400 3 214
400 4 214
400 5 249
400 6 213
400 7 212
400 8 216
400 9 250
400 10 222
500 1 238
500 2 268
500 3 288
500 4 261
500 5 287
500 6 310
500 7 300
500 8 295
500 9 350
500 10 277
600 1 321
600 2 348
600 3 342
600 4 342
600 5 362
600 6 334
600 7 382
600 8 332
600 9 351
600 10 426
700 1 354
700 2 418
700 3 399
700 4 434
700 5 404
700 6 442
700 7 413
700 8 530
700 9 426
700 10 470
800 1 438
800 2 488
800 3 464
800 4 490
800 5 464
800 6 509
800 7 488
800 8 525
800 9 528
800 10 497
900 1 531
900 2 542
900 3 577
900 4 578
900 5 599
900 6 606
900 7 716
900 8 689
900 9 733
900 10 596
1000 1 628
1000 2 653
1000 3 701
1000 4 788
1000 5 676
1000 6 661
1000 7 704
1000 8 769
1000 9 671
1000 10 673